1 2 1
2 2 2
3 2 3
4 2 4
5 2 5
6 2 6
7 2 7
8 2 8
9 2 9
23 2 10
24 2 11
25 2 12
26 2 13
27 2 14
28 2 15
35 2 16
36 2 17
37 2 18
38 2 19
39 2 20
40 2 21
43 2 22
44 2 23
45 2 24
48 2 25
49 2 26
50 2 27
51 2 28
52 2 29
53 2 30
54 3 1
55 3 2
56 3 3
57 3 4
58 3 5
59 3 6
60 3 7
61 3 8
62 3 9
69 3 10
70 3 11
71 3 12
72 3 13
73 3 14
74 3 15
75 3 16
76 3 17
79 3 18
80 3 19
81 3 20
82 3 21
84 3 22
85 3 23
86 3 24
87 3 25
88 3 26
89 3 27
90 3 28
91 3 29
92 3 30
93 4 1
94 4 2
96 4 3
97 4 4
100 4 5
101 4 6
102 4 7
103 4 8
106 4 9
107 4 10
109 4 11
110 4 12
111 4 13
112 4 14
113 4 15
116 4 16
117 4 17
123 4 18
125 4 19
126 4 20
128 4 21
129 4 22
130 4 23
131 4 24
132 4 25
133 4 26
134 4 27
135 4 28
136 4 29
137 4 30
143 5 1
144 5 2
145 5 3
146 5 4
147 5 5
148 5 6
149 5 7
150 5 8
151 5 9
152 6 1
153 6 2
154 6 3
155 6 4
156 6 5
157 6 6
158 6 7
159 6 8
160 6 9
161 6 10
162 6 11
163 6 12
164 6 13
167 6 14
168 6 15
170 6 16
171 6 17
172 6 18
173 6 19
174 6 20
179 6 21
180 6 22
181 6 23
182 6 24
183 6 25
184 6 26
185 6 27
186 6 28
187 6 29
188 6 30
189 7 1
190 7 2
191 7 3
192 7 4
193 7 5
194 7 6
195 7 7
196 7 8
197 7 9
198 7 10
199 7 11
200 7 12
203 7 13
204 7 14
205 7 15
206 7 16
207 7 17
209 7 18
210 7 19
211 7 20
212 7 21
214 7 22
215 7 23
216 7 24
217 7 25
218 7 26
219 7 27
220 7 28
221 7 29
225 7 30
227 8 1
228 8 2
229 8 3
230 8 4
231 8 5
232 8 6
233 8 7
234 8 8
235 8 9
236 8 10
237 8 11
239 8 12
240 8 13
242 8 14
243 8 15
244 8 16
245 8 17
246 8 18
247 8 19
248 8 20
249 8 21
250 8 22
252 9 1
253 9 2
254 9 3
255 9 4
256 9 5
257 9 6
258 9 7
259 9 8
260 9 9
261 9 10
262 9 11
270 9 12
271 9 13
272 9 14
273 9 15
274 9 16
275 9 17
278 9 18
279 9 19
280 9 20
281 9 21
282 9 22
283 9 23
284 9 24
285 9 25
286 9 26
287 9 27
288 9 28
289 9 29
296 9 30
297 10 1
298 10 2
299 10 3
302 10 4
307 10 5
308 10 6
311 10 7
312 10 8
313 10 9
314 10 10
316 10 11
317 10 12
322 10 13
323 10 14
324 10 15
325 10 16
326 10 17
328 10 18
329 10 19
330 10 20
331 10 21
332 10 22
333 10 23
334 10 24
335 10 25
336 10 26
339 10 27
340 10 28
341 10 29
342 10 30
349 11 1
350 11 2
353 11 3
354 11 4
355 11 5
356 11 6
357 11 7
358 11 8
361 11 9
362 11 10
370 11 11
371 11 12
372 11 13
373 11 14
374 11 15
375 11 16
376 11 17
377 11 18
378 11 19
379 11 20
380 11 21
381 11 22
382 11 23
383 11 24
384 11 25
385 11 26
386 11 27
387 12 1
388 12 2
389 12 3
390 12 4
391 12 5
392 12 6
393 12 7
394 12 8
395 12 9
396 12 10
397 12 11
398 12 12
401 12 13
402 12 14
403 12 15
404 12 16
405 12 17
408 12 18
409 12 19
410 12 20
411 12 21
415 12 22
416 12 23
417 12 24
418 12 25
419 12 26
422 12 27
423 12 28
424 12 29
425 12 30
426 13 1
429 13 2
430 13 3
433 13 4
434 13 5
435 13 6
436 13 7
437 13 8
438 13 9
440 13 10
442 13 11
443 13 12
444 13 13
445 13 14
446 13 15
447 13 16
448 13 17
449 13 18
450 13 19
453 13 20
454 13 21
456 13 22
457 13 23
459 13 24
460 13 25
461 13 26
462 13 27
464 13 28
466 13 29
467 13 30
469 14 1
470 14 2
471 14 3
472 14 4
473 14 5
474 14 6
475 14 7
476 14 8
477 14 9
478 14 10
479 14 11
480 14 12
481 14 13
482 14 14
483 14 15
484 14 16
485 14 17
486 14 18
487 14 19
488 14 20
489 14 21
490 14 22
491 14 23
492 14 24
493 14 25
495 15 1
496 15 2
497 15 3
498 15 4
499 15 5
500 15 6
501 15 7
502 15 8
503 15 9
522 15 10
523 15 11
529 15 12
530 15 13
532 15 14
533 15 15
534 15 16
540 15 17
541 15 18
542 15 19
546 15 20
547 15 21
548 15 22
549 15 23
550 15 24
551 15 25
552 15 26
553 15 27
559 15 28
560 15 29
570 15 30
571 16 1
572 16 2
573 16 3
574 16 4
575 16 5
576 16 6
577 16 7
578 16 8
579 16 9
580 16 10
581 16 11
585 16 12
586 16 13
590 16 14
591 16 15
594 16 16
595 16 17
596 16 18
602 16 19
603 16 20
604 16 21
607 16 22
608 16 23
609 16 24
610 16 25
611 16 26
612 16 27
613 16 28
614 16 29
615 16 30
619 17 1
620 17 2
622 17 3
623 17 4
624 17 5
625 17 6
627 17 7
628 17 8
629 17 9
630 17 10
633 17 11
634 17 12
635 17 13
636 17 14
637 17 15
638 17 16
639 17 17
640 17 18
641 17 19
642 17 20
643 17 21
644 17 22
645 17 23
646 17 24
647 17 25
648 17 26
650 18 1
651 18 2
652 18 3
653 18 4
654 18 5
655 18 6
656 18 7
657 18 8
658 18 9
661 18 10
662 18 11
663 18 12
664 18 13
665 18 14
666 18 15
667 18 16
668 18 17
669 18 18
670 18 19
671 18 20
672 18 21
673 18 22
677 18 23
678 18 24
686 18 25
687 18 26
690 18 27
691 18 28
692 18 29
693 18 30
700 19 1
701 19 2
702 19 3
703 19 4
704 19 5
705 19 6
706 19 7
707 19 8
708 19 9
709 19 10
712 19 11
713 19 12
714 19 13
715 19 14
719 19 15
720 19 16
721 19 17
722 20 1
723 20 2
724 20 3
725 20 4
726 20 5
727 20 6
728 20 7
729 20 8
730 20 9
731 20 10
732 20 11
733 20 12
734 20 13
735 20 14
736 20 15
737 20 16
738 20 17
739 20 18
740 20 19
741 20 20
742 20 21
743 20 22
744 20 23
745 20 24
747 20 25
748 20 26
749 20 27
750 20 28
751 20 29
752 20 30
753 21 1
754 21 2
757 21 3
758 21 4
761 21 5
762 21 6
763 21 7
764 21 8
765 21 9
766 21 10
769 21 11
770 21 12
774 21 13
775 21 14
778 21 15
779 21 16
782 21 17
783 21 18
784 21 19
789 21 20
790 21 21
791 21 22
792 21 23
800 21 24
801 21 25
810 22 1
811 22 2
812 22 3
813 22 4
814 22 5
815 22 6
816 22 7
817 22 8
818 22 9
819 22 10
820 22 11
821 22 12
822 22 13
823 22 14
833 22 15
834 22 16
837 22 17
838 22 18
839 22 19
840 22 20
841 22 21
842 22 22
843 22 23
844 22 24
845 22 25
846 22 26
847 22 27
848 22 28
849 22 29
854 22 30
855 23 1
856 23 2
857 23 3
858 23 4
859 23 5
860 23 6
861 23 7
863 23 8
868 23 9
869 23 10
870 23 11
871 23 12
872 23 13
873 23 14
874 23 15
875 23 16
876 23 17
877 23 18
878 23 19
879 23 20
884 23 21
885 23 22
886 23 23
887 23 24
888 23 25
889 23 26
890 23 27
891 23 28
892 23 29
893 23 30
894 24 1
895 24 2
896 24 3
897 24 4
898 24 5
899 24 6
900 24 7
901 24 8
902 24 9
903 24 10
904 24 11
905 24 12
906 25 1
907 25 2
908 25 3
909 25 4
910 25 5
911 25 6
912 25 7
913 25 8
914 25 9
915 25 10
916 25 11
917 25 12
918 25 13
919 25 14
920 25 15
921 25 16
922 25 17
923 25 18
924 25 19
925 25 20
926 25 21
927 25 22
928 25 23
929 25 24
930 25 25
931 25 26
932 25 27
933 25 28
934 25 29
935 25 30
936 26 1
937 26 2
938 26 3
939 26 4
940 26 5
941 26 6
942 26 7
943 26 8
944 26 9
945 26 10
946 26 11
947 26 12
948 26 13
949 26 14
950 26 15
951 26 16
952 26 17
953 26 18
954 26 19
955 26 20
956 26 21
957 26 22
958 26 23
959 26 24
960 26 25
961 26 26
962 26 27
963 26 28
964 26 29
965 26 30
966 27 1
967 27 2
968 27 3
969 27 4
970 27 5
971 27 6
972 27 7
973 27 8
974 27 9
975 27 10
976 27 11
977 27 12
978 27 13
979 27 14
980 27 15
981 27 16
982 27 17
983 27 18
984 27 19
985 27 20
986 27 21
987 27 22
988 27 23
989 27 24
990 27 25
991 27 26
992 27 27
993 27 28
994 27 29
995 27 30
996 28 1
997 28 2
998 28 3
999 28 4
1000 28 5
1001 28 6
1002 28 7
1003 28 8
1004 28 9
1005 28 10
1006 28 11
1007 28 12
1008 28 13
1009 28 14
1010 28 15
1011 28 16
1012 28 17
1013 28 18
1014 28 19
1015 28 20
1016 28 21
1017 28 22
1018 28 23
1019 28 24
1020 28 25
1021 28 26
1022 28 27
1023 28 28
1024 28 29
1025 28 30